(5.765376091003418, 741.1409301757812)
(5.849137306213379, 1067.147216796875)
(5.900750637054443, 916.467041015625)
(6.009576320648193, 1066.9765625)
(8.878713607788086, 1068.9603271484375)
(10.465824127197266, 904.6654663085938)
(12.768097877502441, 745.125244140625)
(15.483748435974121, 1141.430908203125)
(15.575835227966309, 1111.9361572265625)
(18.119611740112305, 205.9040985107422)
(18.77325439453125, 1210.679443359375)
(19.362586975097656, 1199.63818359375)
(20.674192428588867, 1172.2513427734375)
(21.129615783691406, 194.98626708984375)
(22.014562606811523, 1176.6187744140625)
(23.98424530029297, 1184.5548095703125)
(25.638601303100586, 531.3084716796875)
(26.199636459350586, 1210.5050048828125)
(26.29461097717285, 1211.014404296875)
(26.670791625976562, 424.1601867675781)
(30.52708625793457, 117.49626922607422)
(35.77851486206055, 193.42198181152344)
(36.69790267944336, 1214.5858154296875)
(39.54238510131836, 188.95040893554688)
(42.20842361450195, 1214.908203125)
(45.92636489868164, 1226.2803955078125)
(50.90437316894531, 1231.9180908203125)
(51.1769905090332, 1237.7308349609375)
(59.004791259765625, 1239.6519775390625)
(59.03757095336914, 1245.0206298828125)
(63.72251892089844, 1244.388671875)
(63.988250732421875, 1244.1668701171875)
(93.25328826904297, 929.8456420898438)
(96.63911437988281, 480.9188232421875)
(96.63911437988281, 480.9188232421875)
(100.44427490234375, 1267.6971435546875)
(105.85258483886719, 47.644771575927734)
(120.11227416992188, 1271.232666015625)
(120.7867202758789, 1267.489013671875)
(128.5633087158203, 1272.972900390625)
(129.42137145996094, 1269.593017578125)
(137.16712951660156, 1270.54443359375)
(144.19976806640625, 38.568885803222656)
(145.15013122558594, 1271.4150390625)
(145.2474822998047, 1271.2899169921875)
(146.99951171875, 967.5654907226562)
(150.1338653564453, 1275.145263671875)
(150.68728637695312, 37.64601516723633)
(151.7258758544922, 1271.7791748046875)
(154.1863555908203, 948.1156616210938)
(159.70269775390625, 939.4848022460938)
(160.73892211914062, 871.6358642578125)
(164.73497009277344, 940.8597412109375)
(164.8522186279297, 940.4892578125)
(166.51918029785156, 970.9664916992188)
(166.56655883789062, 951.4249877929688)
(167.8748779296875, 1273.25634765625)
(172.6387176513672, 35.535377502441406)
(179.8092498779297, 983.822265625)
(180.12026977539062, 1274.541259765625)
(186.8535919189453, 966.43603515625)
(192.88900756835938, 996.120361328125)
(193.64620971679688, 990.6137084960938)
(197.4239044189453, 947.4535522460938)
(197.4239044189453, 947.4535522460938)
(197.5090789794922, 944.0082397460938)
(197.5090789794922, 944.0082397460938)
(199.4977264404297, 35.20056915283203)
(199.57423400878906, 958.47509765625)
(200.5819854736328, 33.11757278442383)
(201.61904907226562, 951.8603515625)
(206.05844116210938, 34.12522888183594)
(207.41888427734375, 984.2622680664062)
(207.41888427734375, 984.2622680664062)
(213.54782104492188, 1275.5772705078125)
(219.6228790283203, 1279.0338134765625)
(220.02020263671875, 1275.8123779296875)
(222.5536651611328, 945.1786499023438)
(224.8642578125, 32.40119552612305)
(229.19454956054688, 952.0272827148438)
(229.8377227783203, 943.9544677734375)
(237.9371337890625, 1276.3779296875)
(245.59217834472656, 1276.1527099609375)
(248.9502716064453, 962.7677612304688)
(252.2225799560547, 31.317644119262695)
(255.55618286132812, 1280.1588134765625)
(256.33642578125, 1313.435546875)
(263.9697265625, 1010.7401123046875)
(264.7029113769531, 965.0422973632812)
(265.6297607421875, 1312.3497314453125)
(273.7748718261719, 749.8402709960938)
(277.3399658203125, 921.7645874023438)
(277.3399658203125, 921.7645874023438)
(277.8714599609375, 1311.16748046875)
(277.90936279296875, 964.1895751953125)
(282.2986755371094, 909.9083251953125)
(282.2986755371094, 909.9083251953125)
(285.9600830078125, 1310.0150146484375)
(286.06610107421875, 941.7637329101562)
(289.9165344238281, 954.3605346679688)
(290.611083984375, 953.3778076171875)
(294.42596435546875, 908.010009765625)
(294.42596435546875, 908.010009765625)
(299.21844482421875, 916.137939453125)
(302.52801513671875, 948.5698852539062)
(304.7970275878906, 900.0678100585938)
(304.7970275878906, 900.0678100585938)
(304.9318542480469, 900.5663452148438)
(306.2799377441406, 944.6549682617188)
(311.52655029296875, 1277.4549560546875)
(311.5951232910156, 1277.4085693359375)
(321.73291015625, 933.3857421875)
(323.9984130859375, 892.307373046875)
(324.8671569824219, 899.3450927734375)
(324.8671569824219, 899.3450927734375)
(325.8008728027344, 949.5458984375)
(330.9267883300781, 1314.318359375)
(336.4012451171875, 995.9569702148438)
(344.6125183105469, 1005.0690307617188)
(347.08453369140625, 1307.635986328125)
(347.1377868652344, 1308.0758056640625)
(351.2005920410156, 935.9891357421875)
(356.1954650878906, 957.1586303710938)
(356.99664306640625, 956.2376708984375)
(358.64208984375, 987.6817016601562)
(363.6693420410156, 1308.1217041015625)
(381.01470947265625, 1306.396484375)
(381.6249694824219, 1310.98486328125)
(388.47235107421875, 1308.44482421875)
(390.65850830078125, 1312.97900390625)
(395.00555419921875, 1311.02294921875)
(397.5691223144531, 1315.8807373046875)
(398.93182373046875, 1311.33544921875)
(407.6156311035156, 33.522300720214844)
(408.7496032714844, 1284.7398681640625)
(410.9898986816406, 1281.012939453125)
(447.2830505371094, 423.83563232421875)
(447.2830505371094, 423.83563232421875)
(462.90057373046875, 32.61754608154297)
(475.0483703613281, 34.16814422607422)
(490.0753479003906, 33.217315673828125)
(532.7586669921875, 31.974523544311523)
(535.5401611328125, 151.95957946777344)
(560.4228515625, 1284.1015625)
(560.5333251953125, 1015.5580444335938)
(594.3857421875, 1284.6800537109375)
(631.9814453125, 1011.5146484375)
(684.9237670898438, 677.7249755859375)
(687.1627197265625, 992.5631713867188)
(699.5457763671875, 1048.522216796875)
(709.2930297851562, 1044.27294921875)
(716.4478149414062, 1047.5775146484375)
(716.4478149414062, 1047.5775146484375)
(717.0797119140625, 1042.17041015625)
(717.0797119140625, 1042.17041015625)
(720.4342651367188, 1003.6582641601562)
(720.4342651367188, 1003.6582641601562)
(720.4342651367188, 1003.6582641601562)
(727.9776000976562, 1031.97314453125)
(728.4462280273438, 993.0411376953125)
(729.6883544921875, 992.4151000976562)
(729.7304077148438, 1002.2655029296875)
(729.7304077148438, 1002.2655029296875)
(731.7406616210938, 1054.43701171875)
(731.7406616210938, 1054.43701171875)
(733.4518432617188, 1028.37841796875)
(733.4518432617188, 1028.37841796875)
(735.4724731445312, 1010.21533203125)
(736.0841064453125, 1061.484130859375)
(736.0841064453125, 1061.484130859375)
(736.6912841796875, 1009.88916015625)
(736.6912841796875, 1009.88916015625)
(742.7933959960938, 30.00425148010254)
(745.79345703125, 1057.6358642578125)
(746.2969970703125, 1002.5354614257812)
(746.2969970703125, 1002.5354614257812)
(756.1353759765625, 1290.3221435546875)
(761.5379638671875, 1286.368408203125)
(763.1278686523438, 1039.493408203125)
(763.3887939453125, 1006.4501953125)
(763.3887939453125, 1006.4501953125)
(765.1790771484375, 1000.82177734375)
(768.3811645507812, 1290.6796875)
(771.1949462890625, 1007.2410888671875)
(780.8226928710938, 1008.7225341796875)
(796.800537109375, 1012.4042358398438)
(800.126953125, 1003.6929321289062)
(806.3442993164062, 1022.2179565429688)
(809.8271484375, 1006.8190307617188)
(817.673095703125, 1016.6541748046875)
(817.673095703125, 1016.6541748046875)
(817.673095703125, 1016.6541748046875)
(817.673095703125, 1016.6541748046875)
(817.7317504882812, 950.3817138671875)
(826.1544799804688, 1193.3594970703125)
(827.5785522460938, 1025.9677734375)
(828.3199462890625, 1148.680419921875)
(828.3199462890625, 1148.680419921875)
(829.0808715820312, 1011.4756469726562)
(830.1122436523438, 972.31494140625)
(831.7466430664062, 989.16650390625)
(836.2754516601562, 1288.5062255859375)
(837.0088500976562, 977.786376953125)
(837.4714965820312, 973.7012939453125)
(838.4415893554688, 1021.2313842773438)
(838.4415893554688, 1021.2313842773438)
(838.4415893554688, 1021.2313842773438)
(838.4415893554688, 1021.2313842773438)
(840.5269775390625, 1163.8197021484375)
(842.14404296875, 1020.4349975585938)
(842.14404296875, 1020.4349975585938)
(844.4904174804688, 1153.58544921875)
(844.4904174804688, 1153.58544921875)
(844.91357421875, 65.49626922607422)
(848.2254028320312, 1028.2037353515625)
(860.97314453125, 1028.7449951171875)
(875.8423461914062, 1158.4647216796875)
(875.8423461914062, 1158.4647216796875)
(875.8423461914062, 1158.4647216796875)
(879.894287109375, 951.367431640625)
(893.5064086914062, 918.443115234375)
(902.75146484375, 1162.7889404296875)
(911.0964965820312, 1290.2626953125)
(921.7815551757812, 75.92416381835938)
(924.6931762695312, 355.7169494628906)
(924.6931762695312, 355.7169494628906)
(964.633056640625, 59.27391815185547)
(982.1492309570312, 1292.8245849609375)
(997.5824584960938, 27.117399215698242)
(998.386474609375, 1293.661865234375)
(1012.8817138671875, 865.8343505859375)
(1018.7871704101562, 1293.7733154296875)
(1022.7752075195312, 1000.6805419921875)
(1024.7218017578125, 1069.325927734375)
(1026.2308349609375, 1065.448486328125)
(1030.8419189453125, 1294.050048828125)
(1031.993408203125, 1299.634033203125)
(1032.8812255859375, 1074.3656005859375)
(1032.8812255859375, 1074.3656005859375)
(1036.0303955078125, 1294.995849609375)
(1046.005126953125, 1080.8428955078125)
(1046.9638671875, 949.3038940429688)
(1047.33837890625, 1299.1986083984375)
(1050.0645751953125, 1296.31787109375)
(1050.1868896484375, 1052.1514892578125)
(1050.1868896484375, 1052.1514892578125)
(1051.12451171875, 1294.7811279296875)
(1053.166748046875, 1299.89599609375)
(1053.389892578125, 658.6904296875)
(1059.0087890625, 1074.7296142578125)
(1059.0087890625, 1074.7296142578125)
(1059.0087890625, 1074.7296142578125)
(1059.2178955078125, 27.79073143005371)
(1072.0216064453125, 1304.7283935546875)
(1072.560546875, 1308.28564453125)
(1072.9981689453125, 1315.4927978515625)
(1073.626220703125, 1081.335205078125)
(1074.509033203125, 1016.6836547851562)
(1075.98291015625, 1314.195068359375)
(1076.2899169921875, 1301.2237548828125)
(1077.570556640625, 1047.7313232421875)
(1079.1806640625, 1296.0599365234375)
(1079.41796875, 970.1563720703125)
(1089.13134765625, 1295.7047119140625)
(1095.2802734375, 1033.5059814453125)
(1095.2802734375, 1033.5059814453125)
(1095.2802734375, 1033.5059814453125)
(1103.9998779296875, 1294.8870849609375)
(1105.869140625, 25.478023529052734)
(1106.416015625, 1297.5379638671875)
(1108.6103515625, 1294.663818359375)
(1137.8240966796875, 30.21648406982422)
(1149.22216796875, 952.2411499023438)
(1149.372314453125, 1287.3861083984375)
(1149.481689453125, 1286.953369140625)
(1152.062255859375, 924.7600708007812)
(1157.6209716796875, 1280.0966796875)
(1165.724853515625, 1286.2781982421875)
(1170.3883056640625, 1281.3590087890625)
(1170.81103515625, 1284.00927734375)
(1171.4722900390625, 1292.984619140625)
(1171.4722900390625, 1292.984619140625)
(1172.7335205078125, 1290.5113525390625)
(1172.7335205078125, 1290.5113525390625)
(1177.9676513671875, 34.28536605834961)
(1184.37451171875, 1286.1199951171875)
(1185.1102294921875, 1296.1644287109375)
(1188.3773193359375, 1296.70361328125)
(1188.8927001953125, 33.51316833496094)
(1195.4510498046875, 873.8207397460938)
(1197.328857421875, 36.0181884765625)
(1197.685791015625, 890.6296997070312)
(1199.6522216796875, 873.0946044921875)
(1200.43798828125, 85.27244567871094)
(1204.9544677734375, 45.007057189941406)
(1205.0177001953125, 44.538177490234375)
(1209.9820556640625, 1251.2894287109375)
(1211.2691650390625, 881.2820434570312)
(1214.3267822265625, 237.7530517578125)
(1216.7418212890625, 1244.567626953125)
(1222.2342529296875, 1246.2330322265625)
(1223.3079833984375, 51.838905334472656)
(1227.267578125, 1233.3974609375)
(1232.09716796875, 983.6112060546875)
(1232.6435546875, 1232.64306640625)
(1235.80810546875, 919.7424926757812)
(1236.904052734375, 1214.665771484375)
(1240.7239990234375, 1218.8197021484375)
(1242.0162353515625, 946.8203125)
(1243.60205078125, 1199.2642822265625)
(1247.1473388671875, 1198.435302734375)
(1247.209716796875, 941.550537109375)
(1250.786865234375, 987.119384765625)
(1256.2967529296875, 1130.0211181640625)
(1256.699951171875, 107.87785339355469)
(1258.8240966796875, 1149.9588623046875)
(1260.5460205078125, 954.7926025390625)
(1260.71923828125, 1142.691650390625)
(1261.203369140625, 979.6888427734375)
(1262.0980224609375, 870.0657958984375)
(1265.6224365234375, 953.3082885742188)
(1265.8065185546875, 938.6067504882812)
(1266.8167724609375, 912.200927734375)
(1268.53466796875, 368.62872314453125)
(1268.9674072265625, 959.6383056640625)
(1270.5189208984375, 226.26564025878906)
(1272.3326416015625, 1130.6064453125)
(1273.5640869140625, 747.3792114257812)
(1276.627685546875, 744.1947631835938)
(1280.18505859375, 942.9872436523438)
(1287.6551513671875, 1117.05615234375)
(1299.1044921875, 756.615966796875)
(1303.1766357421875, 1038.3387451171875)
(1304.85791015625, 947.5938720703125)
(1309.2137451171875, 759.841796875)
(1313.619140625, 758.8992309570312)
(1314.0526123046875, 762.0838012695312)
(1315.963134765625, 937.4594116210938)
